i,0,0,960,800
i,0,2,1440,480
i,0,3,544,448
i,0,1,960,576
i,0,4,256,736
i,0,2,608,288
i,0,4,1120,480
h,0,480,250,612
c,0,40,280
p,0,100,180
i,1,3,256,768
i,1,2,448,768
i,1,0,608,672
i,1,4,832,800
i,1,1,1440,256
i,1,1,736,320
i,1,2,64,256
c,1,1408,448
h,1,288,800,1120
h,1,608,704,928
p,1,100,180
i,2,3,64,768
i,2,0,320,576
i,2,4,512,800
i,2,4,1216,480
i,2,0,1120,448
c,2,512,640
h,2,800,1056,1280
p,2,100,180
i,3,1,32,224
i,3,2,416,256
i,3,3,512,512
i,3,3,992,256
i,3,4,1152,544
i,3,2,1472,544
c,3,736,768
h,3,800,448,672
h,3,800,960,1184
h,3,288,512,800
p,3,88,792
i,4,0,288,416
c,4,1472,512
h,4,800,896,1120
h,4,256,1152,1472
h,4,320,704,1056
p,4,100,180